0.2 0.2 0.3 0.3 0.3 0.4 0.4 0.5 0.6 0.6 0.7 0.8 0.7 0.6 0.6 0.5 0.4 0.4 
0.2 0.3 0.3 0.3 0.4 ___ 0.5 0.6 0.6 0.7 0.8 0.9 0.8 0.7 0.6 0.6 0.5 0.4 
0.3 0.3 0.3 0.4 ___ 0.5 0.6 0.6 0.7 0.8 0.9 1.0 ___ ___ ___ 0.6 0.6 0.5 
0.3 0.3 0.4 0.4 ___ 0.6 0.6 0.7 0.8 0.9 1.0 1.2 1.0 0.9 0.8 ___ 0.6 0.6 
0.3 0.4 0.4 ___ 0.6 0.6 0.7 0.8 0.9 1.0 1.2 1.3 1.2 1.0 0.9 ___ 0.7 0.6 
0.4 0.4 0.5 0.6 0.6 0.7 0.8 0.9 1.0 1.2 1.3 1.5 1.3 1.2 ___ 0.9 0.8 0.7 
0.4 0.5 0.6 0.6 0.7 0.8 0.9 1.0 1.2 1.3 1.5 XXX 1.5 1.3 1.2 1.0 0.9 0.8 
0.5 0.6 0.6 0.7 0.8 0.9 1.0 1.2 1.3 1.5 1.7 1.9 1.7 1.5 1.3 1.2 1.0 0.9 
0.6 0.6 0.7 0.8 0.9 1.0 1.2 1.3 1.5 1.7 1.9 XXX 1.9 1.7 1.5 1.3 1.2 1.0 
0.6 ___ 0.7 0.8 ___ ___ 1.2 1.3 1.5 1.7 1.9 XXX 1.9 1.7 1.5 1.3 ___ 1.0 
___ 0.6 0.6 ___ 0.8 0.9 ___ 1.2 1.3 1.5 1.7 1.9 1.7 1.5 1.3 1.2 ___ 0.9 
___ 0.5 0.6 ___ 0.7 0.8 0.9 1.0 1.2 1.3 1.5 1.7 1.5 1.3 1.2 ___ ___ 0.8 
0.4 ___ 0.5 ___ 0.6 0.7 0.8 0.9 1.0 1.2 1.3 1.5 1.3 1.2 1.0 ___ ___ 0.7 
___ 0.4 0.4 0.5 ___ 0.6 0.7 0.8 0.9 1.0 XXX 1.3 1.2 1.0 0.9 0.8 ___ 0.6 
0.3 ___ 0.4 0.4 0.5 0.6 0.6 0.7 0.8 0.9 1.0 XXX 1.0 0.9 0.8 ___ 0.6 0.6 
0.3 0.3 0.3 0.4 0.4 0.5 0.6 0.6 0.7 0.8 0.9 1.0 0.9 0.8 0.7 0.6 0.6 0.5 
0.2 0.3 0.3 0.3 0.4 0.4 0.5 0.6 0.6 0.7 0.8 0.9 0.8 0.7 0.6 0.6 ___ 0.4 
0.2 0.2 ___ 0.3 0.3 0.4 0.4 0.5 0.6 0.6 0.7 XXX 0.7 0.6 0.6 0.5 ___ 0.4 
0.2 0.2 ___ 0.3 0.3 0.3 0.4 0.4 0.5 0.6 0.6 0.7 0.6 0.6 0.5 ___ 0.4 0.3 
0.2 0.2 0.2 ___ 0.3 0.3 0.3 0.4 0.4 0.5 0.6 0.6 0.6 0.5 0.4 0.4 0.3 0.3 

