1.0 1.0 1.0 1.0 1.0 1.0 1.0 1.0 1.0 ZZZ ZZZ 1.0 1.0 1.0 1.0 1.0 1.0 1.0 1.0 1.0 
1.0 1.0 1.0 1.0 1.0 1.0 ZZZ 1.0 ZZZ ZZZ ZZZ ZZZ 1.0 1.0 1.0 1.0 1.0 1.0 1.0 1.0 
1.0 1.0 1.0 1.0 1.0 1.0 1.0 ZZZ ZZZ ZZZ ZZZ ZZZ 1.0 1.0 1.0 1.0 1.0 1.0 1.0 1.0 
1.0 1.0 1.0 1.0 1.0 1.0 1.0 ZZZ ZZZ ZZZ ZZZ ZZZ ZZZ 1.0 1.0 1.0 1.0 1.0 1.0 1.0 
1.0 1.0 1.0 1.0 1.0 1.0 1.0 ZZZ ZZZ ZZZ ZZZ ZZZ ZZZ 1.0 1.0 1.0 1.0 1.0 1.0 1.0 
1.0 1.0 1.0 1.0 1.0 1.0 1.0 1.0 ZZZ ZZZ ZZZ 1.0 1.0 1.0 ZZZ 1.0 1.0 1.0 1.0 1.0 
1.0 1.0 1.0 1.0 ZZZ ZZZ 1.0 1.0 1.0 1.0 ZZZ ZZZ 1.0 ZZZ 1.0 1.0 1.0 1.0 1.0 1.0 
1.0 1.0 1.0 1.0 ZZZ ZZZ 1.0 1.0 ZZZ ZZZ 1.0 ZZZ ZZZ 1.0 1.0 ZZZ ZZZ 1.0 1.0 1.0 
1.0 1.0 1.0 1.0 1.0 ZZZ ZZZ ZZZ ZZZ ZZZ 1.0 1.0 ZZZ 1.0 1.0 1.0 1.0 1.0 1.0 1.0 
1.0 1.0 1.0 1.0 1.0 1.0 1.0 1.0 ZZZ ZZZ ZZZ ZZZ ZZZ ZZZ ZZZ ZZZ 1.0 1.0 1.0 1.0 
1.0 1.0 1.0 1.0 1.0 1.0 1.0 1.0 ZZZ 1.0 ZZZ ZZZ ZZZ ZZZ ZZZ 1.0 1.0 1.0 1.0 1.0 
1.0 1.0 1.0 1.0 1.0 1.0 ZZZ 1.0 1.0 ZZZ ZZZ ZZZ 1.0 ZZZ ZZZ ZZZ 1.0 1.0 1.0 1.0 
1.0 1.0 1.0 1.0 1.0 1.0 ZZZ ZZZ 1.0 ZZZ ZZZ ZZZ 1.0 1.0 ZZZ 1.0 ZZZ 1.0 1.0 1.0 
1.0 1.0 1.0 1.0 1.0 1.0 1.0 ZZZ ZZZ ZZZ ZZZ ZZZ ZZZ ZZZ ZZZ 1.0 1.0 1.0 1.0 1.0 
1.0 1.0 1.0 1.0 1.0 1.0 1.0 1.0 ZZZ ZZZ ZZZ ZZZ ZZZ ZZZ 1.0 1.0 1.0 1.0 1.0 1.0 
1.0 1.0 1.0 1.0 1.0 1.0 1.0 1.0 ZZZ ZZZ ZZZ 1.0 ZZZ 1.0 ZZZ 1.0 1.0 1.0 1.0 1.0 
1.0 1.0 1.0 1.0 1.0 1.0 1.0 1.0 1.0 ZZZ ZZZ 1.0 1.0 1.0 1.0 1.0 1.0 1.0 1.0 1.0 
1.0 1.0 1.0 1.0 1.0 1.0 1.0 1.0 1.0 ZZZ ZZZ 1.0 1.0 1.0 1.0 1.0 1.0 1.0 1.0 1.0 

